456.7 2.3837e-15
473.2 2.06588e-14
496.5 1.43022e-14
504.1 7.1511e-15
515.2 2.62208e-14
546.8 3.09882e-14
554.4 2.62208e-14
562.7 0
581.1 1.74804e-14
597.8 1.66859e-14
608.1 0
625.7 1.82751e-14
628 2.3837e-14
667 9.53481e-15
671.1 1.35076e-14
711.7 0
725.1 2.70153e-14
741.3 3.17827e-15
774.8 0
778.3 2.78099e-14
782.2 7.1511e-15
811.2 7.94565e-15
840.1 1.27131e-14
867.2 7.94567e-15
880.8 0
888.3 1.66859e-14
911.2 0
932 1.50968e-14
948.2 1.43022e-14
955.4 3.17827e-15
982 1.58913e-14
1007.4 3.17827e-15
1019.4 0
1035.8 1.66859e-14
1060.3 4.76741e-15
1086.5 7.94565e-15
1101.1 4.76741e-15
1114.5 1.58913e-14
1133.3 2.78098e-14
1150.8 9.53478e-15
1167.6 0
1187.7 1.27131e-14
1216.1 7.94565e-15
1240.3 1.98642e-14
1269.1 0
1290.8 1.19185e-14
1291.6 1.90696e-14
1310 1.74805e-14
1327 7.94565e-15
1338.5 1.74805e-14
1386.7 0
1387.3 1.82751e-14
1435 1.58913e-14
1438.1 3.97284e-15
1457.2 7.94565e-15
1473.9 7.94567e-15
1484.5 2.3837e-14
1488.6 0
1528.4 3.25772e-14
1545.1 3.97284e-15
1566.2 3.57555e-14
1580.5 4.76741e-15
1596 5.56197e-15
1609.9 1.74805e-14
1623.2 2.54262e-14
1649.5 2.62207e-14
1655.6 1.03294e-14
1692.6 1.1124e-14
1716.9 0
1737.8 1.43022e-14
1741.6 7.1511e-15
1757.8 1.58913e-14
1763.5 7.94565e-15
1782.1 6.35655e-15
1806.8 7.94565e-15
1818.4 1.11239e-14
1849.2 5.56197e-15
1857.8 1.19185e-14
1867.6 3.17827e-15
1897.6 0
1901.5 1.43022e-14
1940.3 3.17827e-15
1949.4 4.13175e-14
1982.4 2.3837e-15
1990 0
1995.2 1.66859e-14
2029.5 1.74805e-14
2036.7 2.54262e-14
2088.6 1.58913e-14
2095.5 4.29067e-14
2130.9 1.90696e-14
2144.3 6.35655e-15
2175.9 1.66859e-14
2182.1 6.91143e-14
2202.1 1.35076e-14
2219.1 1.74805e-14
2233.4 4.76741e-15
2261.4 2.30425e-14
2276.1 1.90696e-14
2283.2 1.74805e-14
2300 1.90696e-14
2309.1 2.30425e-14
2315.4 9.5348e-15
2316.3 4.44958e-14
2319.1 2.78099e-14
2324.9 1.35077e-14
2330.3 1.11239e-14
2333.7 8.74025e-15
2336.7 6.35655e-15
2337.6 1.50967e-14
2341.1 3.73447e-14
2342.1 1.27131e-14
2347.4 2.54262e-14
2348.6 2.46316e-14
2350.1 2.06587e-14
2368.3 2.62208e-14
2390.4 3.17827e-15
2405.2 3.41664e-14
2434.6 9.53482e-15
2443.7 3.17827e-15
2444.1 2.14533e-14
2479.9 6.35655e-15
2486 4.05229e-14
2517.1 2.3837e-15
2523.5 4.76741e-15
2551.8 0
2557.2 1.90696e-14
2568.1 0
2595.8 6.35654e-15
2597.3 8.74025e-15
2632.1 5.56195e-15
2635.5 1.50968e-14
2640.8 2.46316e-14
2680.3 7.1511e-15
2695.4 8.74025e-15
2725.7 0
2744.9 1.19185e-14
2762.9 3.17827e-15
2785.6 1.35076e-14
2801.4 0
2819.9 9.5348e-15
2836.5 1.1124e-14
2837.1 2.14533e-14
2873.9 0
2894.4 1.35076e-14
2911.2 7.1511e-15
2948.7 1.66859e-14
2951.1 1.74805e-14
2968.4 0
2982.5 7.94565e-15
3004.6 1.90696e-14
3020.1 1.43022e-14
3053.8 2.62208e-14
3062.5 9.53482e-15
3092.8 3.81392e-14
3095.4 5.56195e-15
3108.9 5.56195e-15
3127.7 3.97284e-15
3142.7 3.01936e-14
3162.9 3.17827e-15
3186.4 8.74022e-15
3206 3.17827e-15
3229.5 9.53482e-15
3233.2 6.8424e-14
3256.3 1.66859e-14
3276.6 5.56195e-15
3297.4 1.11239e-14
3316.5 8.74025e-15
3335 1.03294e-14
3353 1.11239e-14
3376.7 2.3837e-15
3378.8 1.11239e-14
3391.7 3.09882e-14
3426.1 1.98642e-14
3433 1.43022e-14
3458.8 2.38371e-14
3474.2 4.37012e-14
3485.7 3.17827e-15
3514.9 1.50968e-14
3526.8 5.56195e-15
3532.9 7.94565e-15
3550.5 3.17827e-15
3553.9 1.50968e-14
3573.3 1.58914e-14
3594 3.09882e-14
3610 1.50968e-14
3629.9 1.11239e-14
3654.2 2.3837e-14
3658.8 6.35654e-15
3664.5 8.74025e-15
3693.4 1.27131e-14
3695.9 1.27131e-14
3721.1 3.17827e-15
3721.5 1.50968e-14
3756.3 2.86045e-14
3759.7 3.17827e-15
3782.5 8.74025e-15
3795.2 2.30425e-14
3812.6 1.66859e-14
3826.9 5.56195e-15
3830.2 2.54262e-14
3855.4 3.97284e-15
3863.3 2.78098e-14
3889.8 2.86044e-14
3897.7 1.19185e-14
3914.5 7.94567e-15
3928.8 3.09881e-14
3947.8 5.56195e-15
3960.5 9.53482e-15
3969.4 3.17827e-15
3983.7 1.98642e-14
3994.1 2.14533e-14
4023.3 8.58003e-14
4025.5 9.53478e-15
4054.1 2.06588e-14
4058.7 1.98642e-14
4085.5 7.1511e-15
4087.5 3.17827e-14
4113.6 2.70153e-14
4122.3 1.19185e-14
4137 1.11239e-14
4145.2 2.46316e-14
4150.2 7.94565e-15
4179.5 4.76741e-15
4180 1.43022e-14
4211.5 2.06588e-14
4214.6 1.27131e-14
4244.8 1.98642e-14
4253.1 1.66859e-14
4274.2 1.98642e-14
4298.4 1.03294e-14
4306.2 7.1511e-15
4341 1.1124e-14
4346.2 7.94565e-15
4347.9 2.86044e-14
4365 3.17827e-15
4373.8 1.03294e-14
4390.7 1.58913e-14
4393.6 1.98642e-14
4422.6 2.06588e-14
4425 1.90696e-14
4446.5 7.94567e-15
4451.5 1.74805e-14
4477 2.06588e-14
4485.4 2.22479e-14
4507.4 1.03294e-14
4507.6 1.98642e-14
4520.1 1.19185e-14
4529.9 1.98642e-14
4546.2 1.58914e-14
4553.1 1.33305e-13
4556.7 9.5348e-15
4564.7 2.41497e-13
4566.3 2.22479e-14
4571.2 2.22479e-14
4573 0
4573.8 0
4573 2.33447e-13
4575.8 1.19185e-14
4580.7 1.35077e-14
4591.6 2.30425e-14
4598.2 1.50968e-14
4613.8 2.30425e-14
4616.4 1.03294e-14
4618.5 1.74805e-14
4634.9 8.85485e-14
4645.9 2.22479e-14
4648.1 1.50968e-14
4650.7 1.19185e-14
4669.8 1.98642e-14
4681.8 0
4685.7 2.62207e-14
4689.3 1.19185e-14
4689.9 7.1511e-15
4691.7 1.66859e-14
4694.1 1.11239e-14
4695.2 2.14533e-14
4696.4 3.33719e-14
4696 1.58913e-14
4697.7 1.16536e-14
4697.8 1.50968e-14
4697.9 3.65501e-14
4698.1 1.35077e-14
4700.7 1.82751e-14
