456.7 0
456.7 4.7674e-14
473.2 1.90696e-13
473.2 2.22479e-13
496.5 1.90696e-13
496.5 9.53481e-14
504.1 6.35654e-14
504.1 7.94567e-14
515.2 1.74805e-13
515.2 3.4961e-13
546.8 2.70153e-13
546.8 3.4961e-13
554.4 2.54262e-13
554.4 2.70153e-13
562.7 0
562.7 0
581.1 1.58913e-13
581.1 1.90696e-13
597.8 1.58913e-13
597.8 1.74805e-13
608.1 0
608.1 0
625.7 1.74805e-13
625.7 1.90696e-13
628 4.13175e-13
628 6.35654e-14
667 9.53481e-14
667 9.53481e-14
671.1 0
671.1 2.70153e-13
711.7 0
711.7 0
725.1 0
725.1 5.40306e-13
741.3 0
741.3 6.35654e-14
774.8 0
774.8 0
778.3 2.3837e-13
778.3 3.17827e-13
782.2 4.7674e-14
782.2 9.53481e-14
811.2 0
811.2 1.58913e-13
840.1 0
840.1 2.54262e-13
867.2 7.94567e-14
867.2 7.94567e-14
880.8 0
880.8 0
888.3 1.11239e-13
888.3 2.22479e-13
911.2 0
911.2 0
932 1.27131e-13
932 1.74805e-13
948.2 2.22479e-13
948.2 6.35654e-14
955.4 0
955.4 6.35654e-14
982 1.27131e-13
982 1.90696e-13
1007.4 0
1007.4 6.35654e-14
1019.4 0
1019.4 0
1035.8 2.70153e-13
1035.8 6.35654e-14
1060.3 0
1060.3 9.53481e-14
1086.5 1.11239e-13
1086.5 4.7674e-14
1101.1 0
1101.1 9.53481e-14
1114.5 0
1114.5 3.17827e-13
1133.3 1.90696e-13
1133.3 3.65501e-13
1150.8 1.11239e-13
1150.8 7.94567e-14
1167.6 0
1167.6 0
1187.7 1.90696e-13
1187.7 6.35654e-14
1216.1 0
1216.1 1.58913e-13
1240.3 1.90696e-13
1240.3 2.06588e-13
1269.1 0
1269.1 0
1290.8 1.74805e-13
1290.8 6.35654e-14
1291.6 3.17827e-13
1291.6 6.35654e-14
1310 0
1310 3.4961e-13
1327 0
1327 1.58913e-13
1338.5 0
1338.5 3.4961e-13
1386.7 0
1386.7 0
1387.3 1.74805e-13
1387.3 1.90696e-13
1435 1.43022e-13
1435 1.74805e-13
1438.1 0
1438.1 7.94567e-14
1457.2 0
1457.2 1.58913e-13
1473.9 6.35654e-14
1473.9 9.53481e-14
1484.5 4.13175e-13
1484.5 6.35654e-14
1488.6 0
1488.6 0
1528.4 2.70153e-13
1528.4 3.81392e-13
1545.1 0
1545.1 7.94567e-14
1566.2 2.06588e-13
1566.2 5.08523e-13
1580.5 0
1580.5 9.53481e-14
1596 4.7674e-14
1596 6.35654e-14
1609.9 1.27131e-13
1609.9 2.22479e-13
1623.2 1.90696e-13
1623.2 3.17827e-13
1649.5 1.43022e-13
1649.5 3.81392e-13
1655.6 0
1655.6 2.06588e-13
1692.6 1.27131e-13
1692.6 9.53481e-14
1716.9 0
1716.9 0
1737.8 2.06588e-13
1737.8 7.94567e-14
1741.6 0
1741.6 1.43022e-13
1757.8 1.11239e-13
1757.8 2.06588e-13
1763.5 1.11239e-13
1763.5 4.7674e-14
1782.1 0
1782.1 1.27131e-13
1806.8 0
1806.8 1.58913e-13
1818.4 0
1818.4 2.22479e-13
1849.2 4.7674e-14
1849.2 6.35654e-14
1857.8 0
1857.8 2.3837e-13
1867.6 0
1867.6 6.35654e-14
1897.6 0
1897.6 0
1901.5 2.22479e-13
1901.5 6.35654e-14
1940.3 0
1940.3 6.35654e-14
1949.4 3.65501e-13
1949.4 4.60849e-13
1982.4 0
1982.4 4.7674e-14
1990 0
1990 0
1995.2 1.43022e-13
1995.2 1.90696e-13
2029.5 1.43022e-13
2029.5 2.06588e-13
2036.7 1.58913e-13
2036.7 3.4961e-13
2088.6 1.11239e-13
2088.6 2.06588e-13
2095.5 4.13175e-13
2095.5 4.44958e-13
2130.9 1.11239e-13
2130.9 2.70153e-13
2144.3 0
2144.3 1.27131e-13
2175.9 1.43022e-13
2175.9 1.90696e-13
2182.1 1.20748e-12
2182.1 1.74805e-13
2202.1 1.90696e-13
2202.1 7.94567e-14
2219.1 0
2219.1 3.4961e-13
2233.4 0
2233.4 9.53481e-14
2261.4 1.74805e-13
2261.4 2.86044e-13
2276.1 3.17827e-13
2276.1 6.35654e-14
2283.2 1.43022e-13
2283.2 2.06588e-13
2300 1.11239e-13
2300 2.70153e-13
2309.1 1.43022e-13
2309.1 3.17827e-13
2315.4 1.43022e-13
2315.4 4.7674e-14
2316.3 3.97284e-13
2316.3 4.92632e-13
2319.1 2.54262e-13
2319.1 3.01936e-13
2324.9 2.22479e-13
2324.9 4.7674e-14
2330.3 1.74805e-13
2330.3 4.7674e-14
2333.7 0
2333.7 1.74805e-13
2336.7 0
2336.7 1.27131e-13
2337.6 1.43022e-13
2337.6 1.58913e-13
2341.1 2.54262e-13
2341.1 4.92632e-13
2342.1 0
2342.1 2.54262e-13
2347.4 2.22479e-13
2347.4 2.86044e-13
2348.6 1.90696e-13
2348.6 3.01936e-13
2350.1 3.33718e-13
2350.1 7.94567e-14
2368.3 2.54262e-13
2368.3 2.70153e-13
2390.4 0
2390.4 6.35654e-14
2405.2 2.06588e-13
2405.2 4.7674e-13
2434.6 1.27131e-13
2434.6 6.35654e-14
2443.7 0
2443.7 6.35654e-14
2444.1 3.4961e-13
2444.1 7.94567e-14
2479.9 0
2479.9 1.27131e-13
2486 3.65501e-13
2486 4.44958e-13
2517.1 0
2517.1 4.7674e-14
2523.5 0
2523.5 9.53481e-14
2551.8 0
2551.8 0
2557.2 1.58913e-13
2557.2 2.22479e-13
2568.1 0
2568.1 0
2595.8 6.35654e-14
2595.8 6.35654e-14
2597.3 0
2597.3 1.74805e-13
2632.1 0
2632.1 1.11239e-13
2635.5 2.22479e-13
2635.5 7.94567e-14
2640.8 1.27131e-13
2640.8 3.65501e-13
2680.3 0
2680.3 1.43022e-13
2695.4 0
2695.4 1.74805e-13
2725.7 0
2725.7 0
2744.9 1.74805e-13
2744.9 6.35654e-14
2762.9 0
2762.9 6.35654e-14
2785.6 1.90696e-13
2785.6 7.94567e-14
2801.4 0
2801.4 0
2819.9 0
2819.9 1.90696e-13
2836.5 1.27131e-13
2836.5 9.53481e-14
2837.1 1.58913e-13
2837.1 2.70153e-13
2873.9 0
2873.9 0
2894.4 1.90696e-13
2894.4 7.94567e-14
2911.2 0
2911.2 1.43022e-13
2948.7 1.58913e-13
2948.7 1.74805e-13
2951.1 2.70153e-13
2951.1 7.94567e-14
2968.4 0
2968.4 0
2982.5 0
2982.5 1.58913e-13
3004.6 3.01936e-13
3004.6 7.94567e-14
3020.1 1.90696e-13
3020.1 9.53481e-14
3053.8 2.22479e-13
3053.8 3.01936e-13
3062.5 1.27131e-13
3062.5 6.35654e-14
3092.8 3.17827e-13
3092.8 4.44958e-13
3095.4 0
3095.4 1.11239e-13
3108.9 0
3108.9 1.11239e-13
3127.7 0
3127.7 7.94567e-14
3142.7 2.06588e-13
3142.7 3.97284e-13
3162.9 0
3162.9 6.35654e-14
3186.4 1.11239e-13
3186.4 6.35654e-14
3206 0
3206 6.35654e-14
3229.5 1.27131e-13
3229.5 6.35654e-14
3233.2 0
3233.2 1.36848e-12
3256.3 2.54262e-13
3256.3 7.94567e-14
3276.6 0
3276.6 1.11239e-13
3297.4 1.58913e-13
3297.4 6.35654e-14
3316.5 0
3316.5 1.74805e-13
3335 1.27131e-13
3335 7.94567e-14
3353 0
3353 2.22479e-13
3376.7 0
3376.7 4.7674e-14
3378.8 0
3378.8 2.22479e-13
3391.7 1.27131e-13
3391.7 4.92632e-13
3426.1 1.90696e-13
3426.1 2.06588e-13
3433 0
3433 2.86044e-13
3458.8 2.22479e-13
3458.8 2.54262e-13
3474.2 6.35654e-14
3474.2 8.10459e-13
3485.7 0
3485.7 6.35654e-14
3514.9 1.27131e-13
3514.9 1.74805e-13
3526.8 0
3526.8 1.11239e-13
3532.9 0
3532.9 1.58913e-13
3550.5 0
3550.5 6.35654e-14
3553.9 0
3553.9 3.01936e-13
3573.3 2.54262e-13
3573.3 6.35654e-14
3594 5.24415e-13
3594 9.53481e-14
3610 2.54262e-13
3610 4.7674e-14
3629.9 0
3629.9 2.22479e-13
3654.2 1.58913e-13
3654.2 3.17827e-13
3658.8 6.35654e-14
3658.8 6.35654e-14
3664.5 0
3664.5 1.74805e-13
3693.4 1.58913e-13
3693.4 9.53481e-14
3695.9 1.74805e-13
3695.9 7.94567e-14
3721.1 0
3721.1 6.35654e-14
3721.5 0
3721.5 3.01936e-13
3756.3 2.22479e-13
3756.3 3.4961e-13
3759.7 0
3759.7 6.35654e-14
3782.5 0
3782.5 1.74805e-13
3795.2 2.22479e-13
3795.2 2.3837e-13
3812.6 2.3837e-13
3812.6 9.53481e-14
3826.9 0
3826.9 1.11239e-13
3830.2 1.27131e-13
3830.2 3.81392e-13
3855.4 0
3855.4 7.94567e-14
3863.3 1.90696e-13
3863.3 3.65501e-13
3889.8 1.43022e-13
3889.8 4.29066e-13
3897.7 1.11239e-13
3897.7 1.27131e-13
3914.5 7.94567e-14
3914.5 7.94567e-14
3928.8 1.58913e-13
3928.8 4.60849e-13
3947.8 0
3947.8 1.11239e-13
3960.5 1.27131e-13
3960.5 6.35654e-14
3969.4 0
3969.4 6.35654e-14
3983.7 1.90696e-13
3983.7 2.06588e-13
3994.1 1.11239e-13
3994.1 3.17827e-13
4023.3 1.30283e-12
4023.3 4.13175e-13
4025.5 1.11239e-13
4025.5 7.94567e-14
4054.1 1.74805e-13
4054.1 2.3837e-13
4058.7 1.74805e-13
4058.7 2.22479e-13
4085.5 0
4085.5 1.43022e-13
4087.5 3.01936e-13
4087.5 3.33718e-13
4113.6 1.43022e-13
4113.6 3.97284e-13
4122.3 1.11239e-13
4122.3 1.27131e-13
4137 1.74805e-13
4137 4.7674e-14
4145.2 2.06588e-13
4145.2 2.86044e-13
4150.2 1.11239e-13
4150.2 4.7674e-14
4179.5 0
4179.5 9.53481e-14
4180 1.43022e-13
4180 1.43022e-13
4211.5 1.27131e-13
4211.5 2.86044e-13
4214.6 0
4214.6 2.54262e-13
4244.8 1.11239e-13
4244.8 2.86044e-13
4253.1 2.86044e-13
4253.1 4.7674e-14
4274.2 1.74805e-13
4274.2 2.22479e-13
4298.4 1.43022e-13
4298.4 6.35654e-14
4306.2 6.35654e-14
4306.2 7.94567e-14
4341 1.27131e-13
4341 9.53481e-14
4346.2 0
4346.2 1.58913e-13
4347.9 1.74805e-13
4347.9 3.97284e-13
4365 0
4365 6.35654e-14
4373.8 1.43022e-13
4373.8 6.35654e-14
4390.7 2.70153e-13
4390.7 4.7674e-14
4393.6 1.43022e-13
4393.6 2.54262e-13
4422.6 2.06588e-13
4422.6 2.06588e-13
4425 3.17827e-13
4425 6.35654e-14
4446.5 6.35654e-14
4446.5 9.53481e-14
4451.5 2.54262e-13
4451.5 9.53481e-14
4477 1.58913e-13
4477 2.54262e-13
4485.4 1.90696e-13
4485.4 2.54262e-13
4507.4 0
4507.4 2.06588e-13
4507.6 1.90696e-13
4507.6 2.06588e-13
4520.1 1.43022e-13
4520.1 9.53481e-14
4529.9 3.33718e-13
4529.9 6.35654e-14
4546.2 2.54262e-13
4546.2 6.35654e-14
4553.1 2.60253e-12
4553.1 6.35654e-14
4556.7 0
4556.7 1.90696e-13
4564.7 0
4564.7 4.82993e-12
4566.3 1.90696e-13
4566.3 2.54262e-13
4571.2 2.06588e-13
4571.2 2.3837e-13
4573 0
4573.8 0
4573.8 0
4573 2.33447e-12
4575.8 1.11239e-13
4575.8 1.27131e-13
4580.7 2.06588e-13
4580.7 6.35654e-14
4591.6 1.27131e-13
4591.6 3.33718e-13
4598.2 2.06588e-13
4598.2 9.53481e-14
4613.8 1.27131e-13
4613.8 3.33718e-13
4616.4 0
4616.4 2.06588e-13
4618.5 0
4618.5 3.4961e-13
4634.9 0
4634.9 1.77097e-12
4645.9 1.90696e-13
4645.9 2.54262e-13
4648.1 1.27131e-13
4648.1 1.74805e-13
4650.7 1.74805e-13
4650.7 6.35654e-14
4669.8 3.33718e-13
4669.8 6.35654e-14
4681.8 0
4681.8 0
4685.7 4.44958e-13
4685.7 7.94567e-14
4689.3 1.43022e-13
4689.3 9.53481e-14
4689.9 6.35654e-14
4689.9 7.94567e-14
4691.7 1.27131e-13
4691.7 2.06588e-13
4694.1 1.58913e-13
4694.1 6.35654e-14
4695.2 1.27131e-13
4695.2 3.01936e-13
4696.4 1.74805e-13
4696.4 4.92632e-13
4696 1.58913e-13
4696 1.58913e-13
4697.7 0
4697.7 1.43022e-13
4697.7 1.58913e-13
4697.7 2.70153e-13
4697.7 6.35654e-14
4697.7 6.35654e-14
4697.8 2.54262e-13
4697.8 4.7674e-14
4697.9 3.17827e-13
4697.9 4.13175e-13
4698.1 1.74805e-13
4698.1 9.53481e-14
4700.7 1.27131e-13
4700.7 2.3837e-13
4708 1.11239e-13
4708 2.86044e-13
