#t,h,En,Ep,Ea,H(10)
38580,496.5,7.81542e-14,0,7.81542e-14,9.53481e-14
38590,515.2,1.43283e-13,0,1.43283e-13,1.74805e-13
38600,546.8,2.86565e-13,0,2.86565e-13,3.4961e-13
38610,581.1,1.30257e-13,0,1.30257e-13,1.58913e-13
38620,625.7,1.43283e-13,0,1.43283e-13,1.74805e-13
38630,671.1,2.21437e-13,0,2.21437e-13,2.70153e-13
38640,725.1,4.42874e-13,0,4.42874e-13,5.40306e-13
38650,782.2,3.90771e-14,0,3.90771e-14,4.7674e-14
38660,840.1,2.08411e-13,0,2.08411e-13,2.54262e-13
38670,888.3,9.11799e-14,0,9.11799e-14,1.11239e-13
38680,932,1.04206e-13,0,1.04206e-13,1.27131e-13
38690,982,1.04206e-13,0,1.04206e-13,1.27131e-13
38700,1035.8,5.21028e-14,0,5.21028e-14,6.35654e-14
38710,1086.5,3.90771e-14,0,3.90771e-14,4.7674e-14
38720,1133.3,2.99591e-13,0,2.99591e-13,3.65501e-13
38730,1187.7,1.56308e-13,0,1.56308e-13,1.90696e-13
38740,1240.3,1.56308e-13,0,1.56308e-13,1.90696e-13
38750,1290.8,5.21028e-14,0,5.21028e-14,6.35654e-14
38760,1338.5,2.86565e-13,0,2.86565e-13,3.4961e-13
38770,1387.3,1.43283e-13,0,1.43283e-13,1.74805e-13
38780,1435,1.17231e-13,0,1.17231e-13,1.43022e-13
38790,1484.5,3.38668e-13,0,3.38668e-13,4.13175e-13
38800,1528.4,2.21437e-13,0,2.21437e-13,2.70153e-13
38810,1566.2,4.16822e-13,0,4.16822e-13,5.08523e-13
38820,1609.9,1.8236e-13,0,1.8236e-13,2.22479e-13
38830,1649.5,3.12617e-13,0,3.12617e-13,3.81392e-13
38840,1692.6,1.04206e-13,0,1.04206e-13,1.27131e-13
38850,1737.8,1.69334e-13,0,1.69334e-13,2.06588e-13
38860,1782.1,1.04206e-13,0,1.04206e-13,1.27131e-13
38870,1818.4,1.8236e-13,0,1.8236e-13,2.22479e-13
38880,1857.8,0,0,0,0
38890,1901.5,1.8236e-13,0,1.8236e-13,2.22479e-13
38900,1949.4,3.77745e-13,0,3.77745e-13,4.60849e-13
38910,1995.2,1.17231e-13,0,1.17231e-13,1.43022e-13
38920,2036.7,2.86565e-13,0,2.86565e-13,3.4961e-13
38930,2095.5,3.64719e-13,0,3.64719e-13,4.44958e-13
38940,2130.9,2.21437e-13,0,2.21437e-13,2.70153e-13
38950,2175.9,1.17231e-13,0,1.17231e-13,1.43022e-13
38960,2219.1,2.86565e-13,0,2.86565e-13,3.4961e-13
38980,2261.4,1.43283e-13,0,1.43283e-13,1.74805e-13
38990,2276.1,5.21028e-14,0,5.21028e-14,6.35654e-14
39000,2300,2.21437e-13,0,2.21437e-13,2.70153e-13
39010,2319.1,2.08411e-13,0,2.08411e-13,2.54262e-13
39030,2324.9,1.8236e-13,0,1.8236e-13,2.22479e-13
39040,2333.7,0,0,0,0
39050,2341.1,2.08411e-13,0,2.08411e-13,2.54262e-13
39060,2347.4,2.34463e-13,0,2.34463e-13,2.86044e-13
39070,2350.1,2.7354e-13,0,2.7354e-13,3.33718e-13
39080,2348.6,2.47488e-13,0,2.47488e-13,3.01936e-13
39090,2342.1,2.08411e-13,0,2.08411e-13,2.54262e-13
39100,2330.3,3.90771e-14,0,3.90771e-14,4.7674e-14
39110,2315.4,1.17231e-13,0,1.17231e-13,1.43022e-13
39120,2309.1,1.17231e-13,0,1.17231e-13,1.43022e-13
39130,2316.3,3.25642e-13,0,3.25642e-13,3.97284e-13
39140,2337.6,1.30257e-13,0,1.30257e-13,1.58913e-13
39150,2368.3,2.21437e-13,0,2.21437e-13,2.70153e-13
39160,2405.2,1.69334e-13,0,1.69334e-13,2.06588e-13
39170,2444.1,2.86565e-13,0,2.86565e-13,3.4961e-13
39180,2486,2.99591e-13,0,2.99591e-13,3.65501e-13
39190,2523.5,7.81542e-14,0,7.81542e-14,9.53481e-14
39200,2557.2,1.30257e-13,0,1.30257e-13,1.58913e-13
39210,2595.8,5.21028e-14,0,5.21028e-14,6.35654e-14
39220,2640.8,2.99591e-13,0,2.99591e-13,3.65501e-13
39230,2695.4,1.43283e-13,0,1.43283e-13,1.74805e-13
39240,2744.9,1.43283e-13,0,1.43283e-13,1.74805e-13
39250,2785.6,1.56308e-13,0,1.56308e-13,1.90696e-13
39260,2836.5,1.04206e-13,0,1.04206e-13,1.27131e-13
39270,2894.4,6.51285e-14,0,6.51285e-14,7.94567e-14
39280,2948.7,1.43283e-13,0,1.43283e-13,1.74805e-13
39290,3004.6,2.47488e-13,0,2.47488e-13,3.01936e-13
39300,3053.8,2.47488e-13,0,2.47488e-13,3.01936e-13
39310,3092.8,3.64719e-13,0,3.64719e-13,4.44958e-13
39320,3142.7,3.25642e-13,0,3.25642e-13,3.97284e-13
39330,3186.4,9.11799e-14,0,9.11799e-14,1.11239e-13
39340,3229.5,1.04206e-13,0,1.04206e-13,1.27131e-13
39350,3276.6,9.11799e-14,0,9.11799e-14,1.11239e-13
39360,3316.5,0,0,0,0
39370,3353,0,0,0,0
39380,3391.7,4.03797e-13,0,4.03797e-13,4.92632e-13
39390,3433,2.34463e-13,0,2.34463e-13,2.86044e-13
39400,3474.2,5.21028e-14,0,5.21028e-14,6.35654e-14
39410,3514.9,1.04206e-13,0,1.04206e-13,1.27131e-13
39420,3553.9,0,0,0,0
39430,3594,7.81542e-14,0,7.81542e-14,9.53481e-14
39440,3629.9,0,0,0,0
39450,3658.8,5.21028e-14,0,5.21028e-14,6.35654e-14
39460,3693.4,1.30257e-13,0,1.30257e-13,1.58913e-13
39470,3721.5,2.47488e-13,0,2.47488e-13,3.01936e-13
39480,3756.3,1.8236e-13,0,1.8236e-13,2.22479e-13
39490,3795.2,1.8236e-13,0,1.8236e-13,2.22479e-13
39500,3830.2,3.12617e-13,0,3.12617e-13,3.81392e-13
39510,3863.3,2.99591e-13,0,2.99591e-13,3.65501e-13
39520,3897.7,1.04206e-13,0,1.04206e-13,1.27131e-13
39530,3928.8,1.30257e-13,0,1.30257e-13,1.58913e-13
39540,3960.5,1.04206e-13,0,1.04206e-13,1.27131e-13
39550,3994.1,9.11799e-14,0,9.11799e-14,1.11239e-13
39560,4025.5,6.51285e-14,0,6.51285e-14,7.94567e-14
39570,4054.1,1.95385e-13,0,1.95385e-13,2.3837e-13
39580,4087.5,2.7354e-13,0,2.7354e-13,3.33718e-13
39590,4122.3,9.11799e-14,0,9.11799e-14,1.11239e-13
39600,4150.2,9.11799e-14,0,9.11799e-14,1.11239e-13
39610,4180,1.17231e-13,0,1.17231e-13,1.43022e-13
39620,4211.5,2.34463e-13,0,2.34463e-13,2.86044e-13
39630,4244.8,2.34463e-13,0,2.34463e-13,2.86044e-13
39640,4274.2,1.8236e-13,0,1.8236e-13,2.22479e-13
39650,4306.2,5.21028e-14,0,5.21028e-14,6.35654e-14
39660,4347.9,3.25642e-13,0,3.25642e-13,3.97284e-13
39670,4390.7,2.21437e-13,0,2.21437e-13,2.70153e-13
39680,4425,5.21028e-14,0,5.21028e-14,6.35654e-14
39690,4422.6,1.69334e-13,0,1.69334e-13,2.06588e-13
39700,4451.5,7.81542e-14,0,7.81542e-14,9.53481e-14
39710,4485.4,2.08411e-13,0,2.08411e-13,2.54262e-13
39720,4507.6,1.56308e-13,0,1.56308e-13,1.90696e-13
39730,4520.1,1.17231e-13,0,1.17231e-13,1.43022e-13
39740,4529.9,5.21028e-14,0,5.21028e-14,6.35654e-14
39750,4546.2,5.21028e-14,0,5.21028e-14,6.35654e-14
39760,4566.3,2.08411e-13,0,2.08411e-13,2.54262e-13
39770,4591.6,2.7354e-13,0,2.7354e-13,3.33718e-13
39780,4618.5,2.86565e-13,0,2.86565e-13,3.4961e-13
39790,4648.1,1.04206e-13,0,1.04206e-13,1.27131e-13
39800,4669.8,5.21028e-14,0,5.21028e-14,6.35654e-14
39810,4681.8,0,0,0,0
39820,4685.7,6.51285e-14,0,6.51285e-14,7.94567e-14
39830,4689.3,7.81542e-14,0,7.81542e-14,9.53481e-14
39840,4691.7,1.69334e-13,0,1.69334e-13,2.06588e-13
39850,4689.9,5.21028e-14,0,5.21028e-14,6.35654e-14
39860,4694.1,1.30257e-13,0,1.30257e-13,1.58913e-13
39870,4700.7,1.95385e-13,0,1.95385e-13,2.3837e-13
39880,4708,9.11799e-14,0,9.11799e-14,1.11239e-13
39890,4696,1.30257e-13,0,1.30257e-13,1.58913e-13
39900,4695.2,1.04206e-13,0,1.04206e-13,1.27131e-13
39910,4696.4,4.03797e-13,0,4.03797e-13,4.92632e-13
39920,4697.9,3.38668e-13,0,3.38668e-13,4.13175e-13
39930,4698.1,7.81542e-14,0,7.81542e-14,9.53481e-14
39940,4697.7,1.17231e-13,0,1.17231e-13,1.43022e-13
39950,4697.8,3.90771e-14,0,3.90771e-14,4.7674e-14
39960,4697.7,5.21028e-14,0,5.21028e-14,6.35654e-14
39970,4697.7,2.21437e-13,0,2.21437e-13,2.70153e-13
40060,1757.8,1.69334e-13,0,1.69334e-13,2.06588e-13
40070,1623.2,1.56308e-13,0,1.56308e-13,1.90696e-13
40080,1473.9,7.81542e-14,0,7.81542e-14,9.53481e-14
40090,1291.6,5.21028e-14,0,5.21028e-14,6.35654e-14
40100,1114.5,0,0,0,0
40110,948.2,1.8236e-13,0,1.8236e-13,2.22479e-13
40120,778.3,2.60514e-13,0,2.60514e-13,3.17827e-13
40130,597.8,1.43283e-13,0,1.43283e-13,1.74805e-13
40140,456.7,0,0,0,0
